1 0.095716
2 0.084507
3 0.059820
4 0.066318
5 0.069943
6 0.061081
7 0.064014
8 0.062930
9 0.05457828566431999
10 0.06446515768766403
11 0.045921117067337036
12 0.0673438161611557
13 0.0726533830165863
14 0.06685732305049896
15 0.07025036960840225
16 0.04224758595228195
17 0.245026633143425
18 0.2283400446176529
19 0.041494932025671005
20 0.07793642580509186
21 0.07331420481204987
22 0.10304582864046097
23 0.07423903048038483
24 0.03760843724012375
25 0.1037047803401947
26 0.077555812895298
27 0.0760999396443367
28 0.08242764323949814
29 0.04397961124777794
30 0.05768987908959389
31 0.06386308372020721
32 0.06831507384777069
33 0.05600951984524727
34 0.05340545251965523
35 0.07811664789915085
36 1.1170262098312378
37 1.0274524688720703
38 0.06933991611003876
39 0.07344630360603333
40 0.0636114850640297
41